8 4 2
1 0 1 3 40 3 1 2

10 4 2
1 2 3 4 5 6 7 8 9 10

10 4 1
1 1 1 1 1 1 1 1 1 1

1000 50 21
314 553 120 255 690 941 558 727 157 976 937 283 595 651 92 904 242 596 609 215 846 414 522 564 131 359 265 544 482 683 805 314 758 765 105 412 306 342 66 737 169 934 13 213 617 183 115 861 156 514 843 78 541 889 770 489 124 403 121 107 654 750 298 107 644 46 936 541 269 139 67 892 123 602 869 84 15 850 44 660 338 950 356 362 634 482 601 321 469 527 589 982 925 1 700 753 159 599 826 310 913 490 772 938 32 342 956 107 811 623 995 977 920 221 538 288 257 167 449 159 155 974 59 979 810 576 252 213 700 197 89 258 457 254 546 817 987 977 254 407 912 905 139 998 441 787 503 268 503 43 505 392 977 20 174 847 828 911 496 261 503 3 769 519 489 123 688 540 970 845 950 316 83 846 552 89 58 971 817 50 150 706 707 255 868 135 377 846 932 474 28 492 539 182 920 911 813 869 339 760 438 238 425 150 430 729 55 317 295 689 554 870 988 112 75 288 496 712 137 420 943 693 755 750 629 17 305 535 41 39 101 567 406 897 588 176 102 821 515 654 963 698 871 587 884 688 429 215 272 214 787 140 186 293 529 855 577 577 944 331 498 887 901 743 420 874 257 640 448 432 792 321 979 962 156 646 98 592 790 497 465 914 449 339 519 284 795 444 114 353 616 62 850 112 500 644 789 180 269 808 551 349 315 113 587 132 685 555 642 99 466 472 534 131 232 365 180 495 444 520 629 982 431 397 367 766 200 184 660 84 980 188 119 968 720 282 646 500 566 654 48 365 875 123 277 115 156 878 828 867 208 64 645 291 999 60 716 157 957 1 398 893 954 474 452 917 937 33 161 415 371 586 609 506 712 363 24 886 49 769 236 338 740 406 383 429 157 247 445 25 270 466 759 347 699 77 946 903 292 880 927 465 392 524 784 342 778 662 59 161 179 68 182 97 340 496 127 432 757 594 247 662 903 287 11 188 123 672 661 524 397 390 182 885 600 744 248 925 871 487 908 200 93 873 215 773 426 857 673 943 707 576 604 192 669 445 725 681 797 576 146 943 167 884 552 920 233 490 183 27 395 298 260 118 365 333 340 576 381 862 880 710 675 998 873 779 339 935 177 345 295 368 380 716 710 775 713 869 413 302 369 949 312 36 538 231 726 427 32 560 870 514 361 658 745 616 803 604 973 33 293 197 979 462 143 767 855 220 166 737 658 743 760 453 373 264 496 680 163 257 239 655 915 897 863 735 681 962 77 989 488 312 307 564 167 212 871 524 253 95 843 752 642 314 929 968 595 978 763 101 113 305 597 587 143 263 496 264 551 728 299 707 416 342 344 592 389 623 216 431 661 186 892 60 202 987 41 210 864 958 663 209 501 632 686 919 895 9 405 330 902 869 465 210 423 449 879 429 250 947 334 973 850 467 756 132 430 870 819 479 672 321 783 616 41 394 503 510 758 233 77 1000 708 30 356 502 732 389 229 64 642 580 766 440 400 637 264 34 578 734 683 564 598 430 16 264 226 50 914 630 361 430 602 526 747 703 230 940 8 428 702 172 593 445 210 605 716 932 419 770 482 896 597 539 774 713 453 82 332 310 445 250 835 513 921 218 168 932 685 318 441 60 533 38 11 27 136 912 977 965 906 441 906 273 197 657 268 79 699 517 163 536 339 277 888 688 221 453 192 808 460 537 586 576 191 610 596 650 283 517 315 531 537 923 461 178 391 539 86 234 446 498 946 709 784 397 717 486 363 262 821 640 575 610 520 997 816 203 576 886 703 425 519 986 763 907 689 434 424 99 621 904 354 408 839 848 696 901 893 751 871 798 980 376 602 187 398 678 915 581 442 83 697 246 425 294 245 461 64 395 467 135 623 821 842 545 821 287 143 297 317 208 597 740 673 404 561 82 449 31 549 518 752 908 227 465 76 868 427 62 872 386 379 345 71 740 467 585 255 404 330 572 792 212 840 762 440 439 712 417 612 108 289 359 500 310 939 383 572 391 705 738 947 963 646 551 266 880 464 957 82 508 36 924 202 327 548 692 540 607 28 958 707 298 389 614 452 605 707 746 389 603 714 628 990 42 72 163 19 264 510 736 435 995 96 324 184 605 31 807 211 662 96 179 99 347 947 375 930 925 385 639 981 237 266 769 861 787 411 35 166 949 889 575 180 484 748 792 117 635 339 39 520 833 704 166 55 446 175 685 787 89 672 779 13 224 407 940 108 265 60 785 184 877 820 798 130 589 124 972 542 532 573 383 182 675 968 841 884 812 

1000 30 30
314 553 120 255 690 941 558 727 157 976 937 283 595 651 92 904 242 596 609 215 846 414 522 564 131 359 265 544 482 683 805 314 758 765 105 412 306 342 66 737 169 934 13 213 617 183 115 861 156 514 843 78 541 889 770 489 124 403 121 107 654 750 298 107 644 46 936 541 269 139 67 892 123 602 869 84 15 850 44 660 338 950 356 362 634 482 601 321 469 527 589 982 925 1 700 753 159 599 826 310 913 490 772 938 32 342 956 107 811 623 995 977 920 221 538 288 257 167 449 159 155 974 59 979 810 576 252 213 700 197 89 258 457 254 546 817 987 977 254 407 912 905 139 998 441 787 503 268 503 43 505 392 977 20 174 847 828 911 496 261 503 3 769 519 489 123 688 540 970 845 950 316 83 846 552 89 58 971 817 50 150 706 707 255 868 135 377 846 932 474 28 492 539 182 920 911 813 869 339 760 438 238 425 150 430 729 55 317 295 689 554 870 988 112 75 288 496 712 137 420 943 693 755 750 629 17 305 535 41 39 101 567 406 897 588 176 102 821 515 654 963 698 871 587 884 688 429 215 272 214 787 140 186 293 529 855 577 577 944 331 498 887 901 743 420 874 257 640 448 432 792 321 979 962 156 646 98 592 790 497 465 914 449 339 519 284 795 444 114 353 616 62 850 112 500 644 789 180 269 808 551 349 315 113 587 132 685 555 642 99 466 472 534 131 232 365 180 495 444 520 629 982 431 397 367 766 200 184 660 84 980 188 119 968 720 282 646 500 566 654 48 365 875 123 277 115 156 878 828 867 208 64 645 291 999 60 716 157 957 1 398 893 954 474 452 917 937 33 161 415 371 586 609 506 712 363 24 886 49 769 236 338 740 406 383 429 157 247 445 25 270 466 759 347 699 77 946 903 292 880 927 465 392 524 784 342 778 662 59 161 179 68 182 97 340 496 127 432 757 594 247 662 903 287 11 188 123 672 661 524 397 390 182 885 600 744 248 925 871 487 908 200 93 873 215 773 426 857 673 943 707 576 604 192 669 445 725 681 797 576 146 943 167 884 552 920 233 490 183 27 395 298 260 118 365 333 340 576 381 862 880 710 675 998 873 779 339 935 177 345 295 368 380 716 710 775 713 869 413 302 369 949 312 36 538 231 726 427 32 560 870 514 361 658 745 616 803 604 973 33 293 197 979 462 143 767 855 220 166 737 658 743 760 453 373 264 496 680 163 257 239 655 915 897 863 735 681 962 77 989 488 312 307 564 167 212 871 524 253 95 843 752 642 314 929 968 595 978 763 101 113 305 597 587 143 263 496 264 551 728 299 707 416 342 344 592 389 623 216 431 661 186 892 60 202 987 41 210 864 958 663 209 501 632 686 919 895 9 405 330 902 869 465 210 423 449 879 429 250 947 334 973 850 467 756 132 430 870 819 479 672 321 783 616 41 394 503 510 758 233 77 1000 708 30 356 502 732 389 229 64 642 580 766 440 400 637 264 34 578 734 683 564 598 430 16 264 226 50 914 630 361 430 602 526 747 703 230 940 8 428 702 172 593 445 210 605 716 932 419 770 482 896 597 539 774 713 453 82 332 310 445 250 835 513 921 218 168 932 685 318 441 60 533 38 11 27 136 912 977 965 906 441 906 273 197 657 268 79 699 517 163 536 339 277 888 688 221 453 192 808 460 537 586 576 191 610 596 650 283 517 315 531 537 923 461 178 391 539 86 234 446 498 946 709 784 397 717 486 363 262 821 640 575 610 520 997 816 203 576 886 703 425 519 986 763 907 689 434 424 99 621 904 354 408 839 848 696 901 893 751 871 798 980 376 602 187 398 678 915 581 442 83 697 246 425 294 245 461 64 395 467 135 623 821 842 545 821 287 143 297 317 208 597 740 673 404 561 82 449 31 549 518 752 908 227 465 76 868 427 62 872 386 379 345 71 740 467 585 255 404 330 572 792 212 840 762 440 439 712 417 612 108 289 359 500 310 939 383 572 391 705 738 947 963 646 551 266 880 464 957 82 508 36 924 202 327 548 692 540 607 28 958 707 298 389 614 452 605 707 746 389 603 714 628 990 42 72 163 19 264 510 736 435 995 96 324 184 605 31 807 211 662 96 179 99 347 947 375 930 925 385 639 981 237 266 769 861 787 411 35 166 949 889 575 180 484 748 792 117 635 339 39 520 833 704 166 55 446 175 685 787 89 672 779 13 224 407 940 108 265 60 785 184 877 820 798 130 589 124 972 542 532 573 383 182 675 968 841 884 812 

200 100 3
28 89 97 96 69 94 32 999999 99 7 20 92 78 25 82 87 93 14 75 98 88 34 27 70 22 5 15 84 8 92 85 36 80 34 83 48 27 15 20 77 73 91 68 50 15 49 88 8 15 62 57 2 47 83 24 20 39 38 3 46 29 40 33 9 73 16 8 51 82 79 27 54 70 46 55 36 95 42 95 61 55 51 14 1 33 37 72 23 27 27 69 55 66 53 15 90 20 23 40 53 53 66 6 22 11 12 58 57 5 52 69 11 3 83 63 87 71 35 10 97 61 30 4 26 34 18 67 6 92 6 58 45 23 16 18 85 79 75 94 84 79 62 46 33 96 9 19 19 43 80 15 55 61 70 32 95 88 98 100 31 3 9 27 77 24 45 61 3 19 54 38 97 68 83 29 63 91 100 81 999999 31 48 39 92 17 70 86 56 19 37 39 21 45 65 49 69 9 10 23 28

100 100 2
8 12 20 7 17 10 9 199999 1 1 19 2 10 15 1 6 8 4 19 5 17 11 16 7 10 19 2 12 4 7 19 9 14 1 17 10 14 20 4 15 11 5 3 16 7 13 9 17 8 20 5 6 11 15 20 18 14 7 4 6 12 2 3 10 1 9 16 13 18 20 8 15 5 11 19 3 2 14 17 6 12 13 16 18 9 10 4 8 7 1 20 19 15 3 14 18 12 5 11 17

95 10 15
8 12 20 7 17 19 2 10 15 1 6 8 4 19 5 17 11 16 7 10 19 2 12 4 7 19 9 14 1 17 10 14 20 4 15 11 5 3 16 7 13 9 17 8 20 5 6 11 15 20 18 14 7 4 6 12 2 3 10 1 9 16 13 18 20 8 15 5 11 19 3 2 14 17 6 12 13 16 18 9 10 4 8 7 1 20 19 15 3 14 18 12 5 11 17